adc0 = 4032.000000
adc1 = 1024.000000
adc2 = 1536.000000
adc3 = 3968.000000
adc4 = 3968.000000
adc5 = 1984.000000
adc6 = 1024.000000
adc7 = 3840.000000
adc8 = 3823.000000
adc9 = 1170.000000
adc10 = 3401.000000
adc11 = 3701.000000
adc12 = 3693.000000
adc13 = 731.000000
adc14 = 3413.000000
adc15 = 3706.000000